.Random.seed <-
c(403L, 624L, -878148376L, 697972169L, 1526810358L, 932598015L, 
1987759924L, -334393179L, 2131637538L, -1405794757L, -512410560L, 
-1154449599L, -611503090L, 801465655L, -1402152948L, 1915592093L, 
1562718138L, -1444042253L, -823824744L, -1024505927L, -2013670362L, 
1727713391L, 64850916L, -462972523L, -1017672366L, 1822119083L, 
811236336L, -860852431L, 1310689086L, -1336184153L, 1353992892L, 
317154445L, 1207152106L, -1411307933L, 950125640L, 1422513577L, 
-81613482L, -1964495905L, 839152788L, -1139745147L, 1398010242L, 
-285343973L, 1182050208L, -7513311L, 754165358L, 83745815L, -1081251476L, 
-66852995L, -379668454L, 1749860051L, 704153080L, -1060577383L, 
1942934150L, 265642831L, -415594172L, -1407426699L, -1559862862L, 
1086604683L, 440319824L, -213499119L, -1547923042L, 1124311431L, 
2057516060L, -1301141907L, -674673078L, 1400337219L, 1522840488L, 
1615553929L, 1443972022L, 268007103L, -326448652L, 1096359013L, 
-147726878L, 1494558715L, -1863073024L, 924460801L, -1695725362L, 
1703133943L, -1100961076L, 115417437L, 307654778L, -2090318925L, 
-912175784L, -193960071L, -625147674L, -1018468817L, -1648347484L, 
1280709973L, -1789303278L, -1999133077L, 781103792L, 973604593L, 
-407319554L, -1118486425L, 837864828L, 96458829L, 820584106L, 
535179299L, 1810453256L, -1776884375L, 1063586326L, -276680289L, 
-1721381036L, -782087611L, -205522366L, -357383973L, -976581024L, 
986637025L, 2081561390L, 1628379607L, -1757504468L, -415413443L, 
-1809557286L, -763873133L, -575159112L, -1512186023L, -161718458L, 
1477761295L, 1892062212L, -124994763L, -379020686L, -754092213L, 
673338896L, 938326737L, -1767098786L, -1660399801L, 2062882524L, 
-12027347L, -1788141814L, 912612611L, 300393064L, -1138469559L, 
-692715402L, 775576703L, 1475183796L, -39557083L, -568965470L, 
1074710971L, -707720768L, -542929215L, -218489458L, 1666703543L, 
-461423220L, -1383045859L, -1226804934L, 1219796339L, 34860056L, 
-1727445191L, 1279585702L, -2132165649L, -710565532L, 540561685L, 
-95682862L, 1235073067L, -1378768528L, 2146393777L, -114372418L, 
-1143681497L, 101191740L, 1300499469L, -748204182L, -668141085L, 
1586995656L, 342603049L, -2019809578L, -1395001505L, 1937369620L, 
-1818790395L, 1464648450L, -1855896933L, -1646316256L, -158324063L, 
-297971730L, 873863063L, -327512340L, 642936573L, 1319287194L, 
-178949549L, 1049478008L, 233479961L, -1374770170L, -863891761L, 
1840602820L, 1859180277L, 790336306L, -1296013045L, 1383378128L, 
-1593511279L, 601398046L, 1332919559L, 797030812L, 1525321197L, 
1156952010L, 1651836611L, -808365784L, 1558512905L, 162495798L, 
672727615L, 1667432308L, -1665960987L, 209416034L, -1293800581L, 
-422768512L, 1284290177L, 678670926L, -150880649L, -1584885684L, 
-637835043L, -1149029894L, 59946803L, 117263064L, -1065752839L, 
961649254L, -1516908113L, 105761828L, -875672363L, -84977774L, 
1890421227L, -1797038032L, 640054897L, -146696834L, -375776281L, 
-4582660L, 1307836365L, -802275286L, 1316324259L, 1332523144L, 
-813153047L, 1619526550L, 951024927L, -889142060L, 1584423365L, 
-1229304894L, 348750939L, 1702009824L, -1433324959L, 674579630L, 
735237463L, -1576975956L, 218321597L, -375793062L, -1163629549L, 
993690168L, -391176487L, 1470478534L, 1390216335L, -1731794556L, 
1521005237L, -589345806L, -2120410421L, -537541744L, -1773409711L, 
536985566L, 2013457095L, 722017372L, 152592813L, -416743286L, 
828797059L, 859946984L, 575501513L, -608323082L, 1398106111L, 
2041264692L, 1514553253L, 455170082L, -1018213061L, -1163405504L, 
-711614911L, 1075447566L, -1371448265L, 943497996L, -1075696483L, 
1358869178L, 2109903091L, 656239000L, 981616313L, -1096612058L, 
-149969041L, 1249425124L, 2060978325L, 1610838098L, 2143755179L, 
-1971071248L, 1953320497L, 380705342L, 1147480487L, 298243516L, 
718254989L, -2013400854L, -1132475037L, 1026064200L, -2027121495L, 
384344150L, -926760225L, 1790599060L, 1303186821L, 180917378L, 
1722517019L, 1933886112L, -1903035871L, -1900414610L, -1241165033L, 
1519563884L, -1357908355L, -171328742L, -869980717L, -2105671432L, 
-437559655L, 1877050758L, -1863992753L, 1824207940L, -942387595L, 
460571826L, -1587311477L, -681207216L, 1065525777L, 535274654L, 
-193406841L, -1068810468L, 227669357L, 1019547978L, -1124492733L, 
-1694962008L, -1407343479L, -106907978L, -978350657L, -981060364L, 
840747877L, 1657274594L, 1125527291L, 136404480L, -1837218303L, 
-22209586L, -690570761L, -1420069428L, 1392816221L, 1746072442L, 
1090792115L, 1899251800L, -1763547527L, -1191627802L, -82363089L, 
2095473060L, 420840533L, -1303885550L, -1196790421L, -177009232L, 
1921246705L, 1279090430L, -1980369049L, -286369668L, -942201011L, 
462840234L, 470538019L, -427094520L, -1156012951L, -1216479978L, 
1389611167L, -580470188L, 1024293189L, 204971330L, 952584155L, 
-569005728L, -1705868831L, 1183542830L, 7180503L, 2028922668L, 
-533177795L, -1007526950L, -1818779757L, -2095562824L, 1969184345L, 
864162374L, -329502705L, 609369860L, -2112640459L, -744948366L, 
869514827L, -8113904L, -2073486895L, 2018134366L, 1653900871L, 
34087388L, 739723565L, -964042230L, -554793981L, 632741224L, 
1511363657L, -803703946L, 1424454527L, 833875892L, -537454811L, 
-64001630L, -1007234885L, 1173988544L, 1527164353L, -387125106L, 
2122438583L, -1113257844L, 1193473053L, -1317014470L, -1760066445L, 
-1274943720L, 626673209L, -988536666L, -143879441L, 945212516L, 
1380368405L, 981328338L, 488079147L, -59702160L, -399884879L, 
1285972926L, 940344615L, 166763324L, -926262515L, 1807192682L, 
651796707L, -900440888L, -1425247191L, 252189142L, -1935503777L, 
1841681684L, -934173435L, 868705794L, -52639333L, 2091208736L, 
-2053977695L, 879338222L, -120877417L, 534108652L, 876379645L, 
1691597978L, 985389395L, 1808350840L, -959767015L, -1622712570L, 
-1962908209L, -1169421884L, 354862581L, -1374751182L, 447590411L, 
-552499248L, 213864849L, 1038724638L, 538309639L, -1023425380L, 
-395813651L, -986221878L, 822422979L, -1304720344L, 1274364937L, 
-1947930570L, -1765992129L, 1760848500L, -543874331L, -1072197022L, 
-1749994885L, -1427068032L, -957426303L, 1134134606L, 1929557367L, 
-237413556L, 268236765L, -1643793158L, -1984127437L, 2118534616L, 
-173414919L, 1068748134L, -238049105L, -678824156L, -1842627627L, 
23345810L, 1859014891L, -2042774736L, 1562400113L, -1934874498L, 
-1939287321L, -1785881092L, -1855369523L, 421626666L, 1453927075L, 
658795400L, 1455948777L, -1438189930L, -336653281L, 647475156L, 
1262063813L, -1170739518L, -458486949L, -441207072L, -938290847L, 
-48982098L, 1289702487L, 839355564L, -19111491L, -1456612006L, 
-1420700909L, 726727992L, -907108903L, 1878092742L, 1385323407L, 
-379022204L, -858938955L, 328576754L, -139370037L, -1127375216L, 
1078282577L, 1166398174L, 1253908935L, -1779292324L, -2042285907L, 
965591946L, 217945987L, -548996376L, 1635562441L, 432418038L, 
-521109761L, -704142028L, 1823927973L, 1195408162L, -804957125L, 
767980096L, 771145025L, 326294030L, 1108955959L, -1967624692L, 
-514671715L, 1583625658L, -491554829L, 515990680L, -678345287L, 
1167604262L, -1342144913L, 1967120868L, 75790229L, -809807022L, 
797893291L, 966341104L, 421932337L, 1091480894L, -2067079001L, 
-2071633732L, 1165230733L, -2070662166L, -449153949L, -65324472L, 
2114671529L, -704998570L, -1501996577L, -761509228L, -511361915L, 
-1740032126L, -504034021L, 1879104928L, -1718445791L, 88886382L, 
1785252375L, 1380188012L, 1406666109L, 566279706L, -1894150957L, 
1886354424L, 780787097L, 574634118L, -388886193L, 745004868L, 
-1261945483L, 753739698L, 748606347L, -1619495600L, 1186660625L, 
601798558L, -1068888185L, -845198820L, 158188653L, -464726966L, 
-1936211645L, 194587048L, 980149129L, 645671350L, 1229038783L, 
-1548902412L, -2095285659L, -362142750L, 1051932155L, -2059732736L, 
-1478597375L, 490270414L, 965062903L, -1962786612L, -1360773283L, 
-480545158L, 733745587L, -1540144296L, 1523606905L, -1283365146L, 
